./final
0i 13 118 98
1i 38 122 57
2i 42 105 93
3i 8 135 60
4i 47 107 79
5i 2 130 81
6i 3 117 64
7i 12 102 80
8i 6 125 59
9i 45 131 69
10i 29 109 82
11i 1 129 89
12i 22 143 53
13i 30 120 92
14i 9 108 88
15i 34 104 67
16i 35 140 99
17i 41 124 62
18i 11 144 101
19i 49 112 142
20i 25 139 119
21i 37 100 54
22i 7 132 58
23i 40 128 113
24i 4 116 138
25i 39 103 56
26i 0 145 70
27i 26 141 63
28i 17 137 65
29i 24 136 75
30i 28 111 51
31i 27 147 121
32i 43 115 73
33i 23 134 68
34i 21 77 91
35i 19 110 87
36i 46 148 78
37i 31 52 74
38i 48 146 85
39i 36 133 97
40i 20 76 55
41i 10 123 66
42i 44 50 61
43i 16 72 84
44i 32 83 71
45i 5 86 90
46i 33 149 96
47i 18 114 95
48i 14 126 94
49i 15 127 106
python3 grafo.py  
